0000000000000000000000000000001000000000
0000000000000000000000000000001000000000
0000000000000000000000000000001000000011
0000000000000000000000000000000000000011
0000000000000000000000000011100011100000
0000000000000000000000000000000000000000
0000000000000000000000000000001000000000
0000000000000000000000000000001000000000
0000000000000000000000000000001000011100
0000000000000000000000000000000000000000
0000000000000000000000000000000000000000
0000000000000000000000000000000000000000
0000000000000000000000000000000000000000
0000000000000000000000000000000000000000
0000000000000000000000000000000000000000
0000000000000000000000000000000000000000
0000000000000000000000000000000000100000
0000000000000000000000000000000001010000
0000000000000000000000000000000001010000
0000000000000000000000000000000000100000
0011000000000000000000000000000000000000
0011000000000000000001100000000000000000
0000000000000000000010010000000000000000
0000000000011000000010010000000000000000
0000000000011000000001100000000000000000
